      0 ==============================================
      0 1
      0 5
      0 10
      0 start
      0 0
      0 4.9988
      0 9.9984
      0 14.9982
      0 19.9976
      0 25.0022
      0 30.0004
      0 35.0036
      0 39.9992
      0 45.0044
      0 50.0024
      0 55.0022
      0 60.0008
      0 65.0048
      0 70.0012
      0 75.0056
      0 80.002
      0 85.0042
      0 90.002
      0 95.0024
      0 100.0026
      0 reverse
      0 100.0168
      0 95.0118
      0 90.0146
      0 85.0106
      0 80.0102
      0 75.0128
      0 70.013
      0 65.01
      0 60.0064
      0 55.0064
      0 50.0116
      0 45.0096
      0 40.005
      0 35.0094
      0 30.0042
      0 25.0056
      0 20.0054
      0 15.0074
      0 10.003
      0 5.0076
      0 0.0034
      0 ==============================================
      0 1
      0 5
      0 10
      0 start
      0 0
      0 4.9984
      0 9.9954
      0 14.9978
      0 19.9938
      0 24.9964
      0 29.9952
      0 34.9982
      0 39.9942
      0 44.9996
      0 49.999
      0 54.9966
      0 59.998
      0 64.998
      0 69.9958
      0 74.999
      0 79.9968
      0 84.9966
      0 89.9972
      0 95
      0 100.0006
      0 reverse
      0 100.013
      0 95.0102
      0 90.009
      0 85.0064
      0 80.0092
      0 75.0078
      0 70.0074
      0 65.0036
      0 60.0132
      0 55.0076
      0 50.0062
      0 45.0074
      0 40.0018
      0 35.0082
      0 30.0034
      0 25.0054
      0 20.0006
      0 15.001
      0 10.0008
      0 5.0036
      0 0.0022
      0 ==============================================
      0 1
      0 5
      0 10
      0 start
      0 0
      0 4.9966
      0 9.9934
      0 14.9972
      0 19.9938
      0 24.9986
      0 29.9964
      0 34.998
      0 39.9944
      0 44.9986
      0 49.996
      0 54.999
      0 59.996
      0 64.999
      0 69.9952
      0 74.9982
      0 79.9962
      0 84.9978
      0 89.9972
      0 94.9996
      0 100.0002
      0 reverse
      0 100.017
      0 95.0094
      0 90.0078
      0 85.0048
      0 80.0122
      0 75.0066
      0 70.005
      0 65.0024
      0 60.0118
      0 55.0062
      0 50.0032
      0 45.0072
      0 40.0022
      0 35.0058
      0 30.0084
      0 25.006
      0 19.9998
      0 15.0008
      0 10.0014
      0 5.0034
      0 0.0004
      0 ==============================================
      0 2
      0 5
      0 10
      0 start
      0 0
      0 4.9944
      0 9.9988
      0 14.9964
      0 19.9996
      0 24.9984
      0 30.0028
      0 35.001
      0 40.0038
      0 45.0024
      0 50.0056
      0 55.0048
      0 60.0054
      0 65.0038
      0 70.0066
      0 75.0048
      0 80.0048
      0 85.0048
      0 90.0064
      0 95.0046
      0 100.0044
      0 reverse
      0 100.016
      0 95.0104
      0 90.0116
      0 85.0086
      0 80.01
      0 75.0068
      0 70.0106
      0 65.0062
      0 60.0086
      0 55.0052
      0 50.0066
      0 45.0036
      0 40.0042
      0 35.0002
      0 30.0006
      0 24.9974
      0 19.9982
      0 14.9926
      0 9.9946
      0 4.9896
      0 -0.0072
      0 ==============================================
      0 2
      0 5
      0 10
      0 start
      0 0
      0 4.9924
      0 9.9958
      0 14.9948
      0 19.9998
      0 24.9986
      0 30.0018
      0 35.0012
      0 40.003
      0 45.003
      0 50.0058
      0 55.005
      0 60.0084
      0 65.0052
      0 70.01
      0 75.0072
      0 80.0078
      0 85.0078
      0 90.0092
      0 95.0094
      0 100.009
      0 reverse
      0 100.018
      0 95.0152
      0 90.0162
      0 85.0132
      0 80.014
      0 75.0116
      0 70.0152
      0 65.0108
      0 60.014
      0 55.0094
      0 50.0122
      0 45.0072
      0 40.0084
      0 35.003
      0 30.0066
      0 25.0006
      0 20.0028
      0 14.997
      0 9.998
      0 4.9944
      0 -0.0038
      0 ==============================================
      0 2
      0 5
      0 10
      0 start
      0 0
      0 4.992
      0 9.9978
      0 14.9962
      0 20.0006
      0 25.0008
      0 30.0024
      0 35.0026
      0 40.0046
      0 45.0048
      0 50.0074
      0 55.0062
      0 60.0104
      0 65.0066
      0 70.0102
      0 75.0092
      0 80.0096
      0 85.0112
      0 90.0114
      0 95.0116
      0 100.0116
      0 reverse
      0 100.0212
      0 95.0184
      0 90.0192
      0 85.0168
      0 80.0164
      0 75.015
      0 70.0168
      0 65.0134
      0 60.0162
      0 55.013
      0 50.0144
      0 45.01
      0 40.0108
      0 35.0056
      0 30.0088
      0 25.0036
      0 20.0048
      0 15
      0 10.0004
      0 4.9984
      0 -0.0012
      0 ==============================================
      0 3
      0 5
      0 10
      0 start
      0 0
      0 4.9924
      0 9.9944
      0 14.9932
      0 19.9944
      0 24.995
      0 29.9958
      0 34.9962
      0 39.996
      0 44.998
      0 49.9992
      0 54.9976
      0 59.9972
      0 64.9972
      0 69.9962
      0 74.9958
      0 79.9972
      0 84.9962
      0 89.998
      0 94.9964
      0 99.9978
      0 reverse
      0 100.0046
      0 95.002
      0 90.0048
      0 85.002
      0 80.0024
      0 75.001
      0 70.0042
      0 65.0024
      0 60.0034
      0 55.0044
      0 50.0042
      0 45.0034
      0 40.0034
      0 35.0018
      0 30.0018
      0 25.0012
      0 20.0006
      0 15.0002
      0 10.0014
      0 4.9984
      0 -0.0004
      0 ==============================================
      0 3
      0 5
      0 10
      0 start
      0 0
      0 4.9924
      0 9.9952
      0 14.9936
      0 19.9952
      0 24.996
      0 29.9956
      0 34.997
      0 39.9962
      0 44.998
      0 50
      0 54.9988
      0 59.9992
      0 64.9974
      0 69.9982
      0 74.9968
      0 79.9976
      0 84.9974
      0 89.9982
      0 94.999
      0 99.9994
      0 reverse
      0 100.0058
      0 95.0052
      0 90.0064
      0 85.0038
      0 80.004
      0 75.0032
      0 70.0044
      0 65.0044
      0 60.0046
      0 55.0042
      0 50.005
      0 45.003
      0 40.0034
      0 35.003
      0 30.0028
      0 25.0024
      0 20.0024
      0 15
      0 10.0014
      0 4.9996
      0 0.0004
      0 ==============================================
      0 3
      0 5
      0 10
      0 start
      0 0
      0 4.9934
      0 9.9964
      0 14.9948
      0 19.9958
      0 24.9964
      0 29.9956
      0 34.9962
      0 39.9972
      0 44.9982
      0 49.9992
      0 54.9982
      0 59.999
      0 64.9986
      0 69.9982
      0 74.998
      0 79.9994
      0 84.9996
      0 89.9992
      0 94.9998
      0 100.0012
      0 reverse
      0 100.007
      0 95.006
      0 90.0054
      0 85.005
      0 80.0044
      0 75.0038
      0 70.0056
      0 65.0046
      0 60.0046
      0 55.0052
      0 50.0054
      0 45.0052
      0 40.0058
      0 35.0038
      0 30.0032
      0 25.0028
      0 20.002
      0 15.002
      0 10.002
      0 5.0002
      0 0.0002
      0 ==============================================
      0 4
      0 5
      0 10
      0 start
      0 0
      0 4.9964
      0 9.994
      0 14.9976
      0 19.9976
      0 25.0014
      0 29.9984
      0 34.9994
      0 40
      0 45.001
      0 49.999
      0 55.0038
      0 60.006
      0 65.0006
      0 70.0006
      0 74.997
      0 79.999
      0 84.9968
      0 89.9966
      0 94.9946
      0 99.992
      0 reverse
      0 100.0276
      0 95.0298
      0 90.02
      0 85.0282
      0 80.0176
      0 75.0222
      0 70.0142
      0 65.018
      0 60.008
      0 55.0112
      0 50.004
      0 45.004
      0 39.996
      0 34.9976
      0 29.988
      0 24.9904
      0 19.9836
      0 14.9814
      0 9.9762
      0 4.9724
      0 -0.034
      0 ==============================================
      0 4
      0 5
      0 10
      0 start
      0 0
      0 4.9954
      0 9.9996
      0 15.0024
      0 20.0054
      0 25.0058
      0 30.0096
      0 35.0132
      0 40.0138
      0 45.0148
      0 50.0178
      0 55.018
      0 60.0202
      0 65.0196
      0 70.0186
      0 75.0186
      0 80.017
      0 85.0172
      0 90.0136
      0 95.0122
      0 100.0126
      0 reverse
      0 100.045
      0 95.0476
      0 90.0378
      0 85.0454
      0 80.0352
      0 75.0424
      0 70.031
      0 65.0396
      0 60.0274
      0 55.0332
      0 50.0254
      0 45.029
      0 40.0196
      0 35.0208
      0 30.0138
      0 25.0136
      0 20.0062
      0 15.007
      0 9.9996
      0 4.997
      0 -0.0064
      0 ==============================================
      0 4
      0 5
      0 10
      0 start
      0 0
      0 4.9964
      0 9.999
      0 15.0004
      0 20.0054
      0 25.0054
      0 30.0088
      0 35.0118
      0 40.012
      0 45.0144
      0 50.0152
      0 55.019
      0 60.019
      0 65.0194
      0 70.0196
      0 75.0182
      0 80.0188
      0 85.0192
      0 90.0174
      0 95.0176
      0 100.0138
      0 reverse
      0 100.0442
      0 95.052
      0 90.0416
      0 85.0494
      0 80.04
      0 75.0466
      0 70.0386
      0 65.0432
      0 60.034
      0 55.0342
      0 50.0298
      0 45.0318
      0 40.0206
      0 35.0232
      0 30.0166
      0 25.0182
      0 20.0114
      0 15.009
      0 10.0036
      0 5.0016
      0 -0.0052
      0 ==============================================
      0 7
      0 5
      0 10
      0 start
      0 0
      0 4.9904
      0 9.9924
      0 14.9924
      0 19.992
      0 24.9936
      0 29.992
      0 34.9922
      0 39.9922
      0 44.9922
      0 49.992
      0 54.9908
      0 59.9912
      0 64.989
      0 69.9914
      0 74.9894
      0 79.9904
      0 84.9896
      0 89.9914
      0 94.9904
      0 99.987
      0 reverse
      0 100
      0 94.9952
      0 90.0008
      0 84.9968
      0 80.0008
      0 74.9978
      0 69.9972
      0 64.9992
      0 59.995
      0 54.9962
      0 49.9972
      0 44.9972
      0 39.9974
      0 34.9976
      0 29.9964
      0 24.9946
      0 19.9946
      0 14.9928
      0 9.995
      0 4.9934
      0 -0.0078
      0 ==============================================
      0 7
      0 5
      0 10
      0 start
      0 0
      0 4.9942
      0 9.9952
      0 14.9926
      0 19.994
      0 24.995
      0 29.996
      0 34.9946
      0 39.9962
      0 44.9964
      0 49.9972
      0 54.996
      0 59.9966
      0 64.9948
      0 69.9954
      0 74.9956
      0 79.9984
      0 84.9948
      0 89.998
      0 94.997
      0 99.9988
      0 reverse
      0 100.008
      0 95.0058
      0 90.006
      0 85.0006
      0 80.0062
      0 75.0014
      0 70.0054
      0 65.004
      0 60.0026
      0 55.0036
      0 50.0038
      0 44.9998
      0 40.0048
      0 35.0018
      0 30.0032
      0 25.0022
      0 20.0014
      0 14.9968
      0 10.001
      0 4.9996
      0 -0.0008
      0 ==============================================
      0 7
      0 5
      0 10
      0 start
      0 0
      0 4.9942
      0 9.9944
      0 14.9926
      0 19.995
      0 24.9968
      0 29.9964
      0 34.9962
      0 39.9954
      0 44.9972
      0 49.997
      0 54.9956
      0 59.9962
      0 64.9944
      0 69.9982
      0 74.995
      0 79.9984
      0 84.9946
      0 89.9978
      0 94.9968
      0 100.0008
      0 reverse
      0 100.0074
      0 95.0026
      0 90.0068
      0 85.0036
      0 80.007
      0 75.0016
      0 70.006
      0 65.0048
      0 60.0032
      0 55.0038
      0 50.0034
      0 45.0006
      0 40.006
      0 34.9998
      0 30.0034
      0 25.0024
      0 20.0022
      0 14.9986
      0 10.0038
      0 5.0002
      0 0.001
      0 ==============================================
      0 8
      0 5
      0 10
      0 start
      0 0
      0 4.9878
      0 9.9928
      0 14.9908
      0 19.9928
      0 24.9894
      0 29.9942
      0 34.9874
      0 39.9914
      0 44.9872
      0 49.9918
      0 54.9876
      0 59.9896
      0 64.987
      0 69.9872
      0 74.9862
      0 79.9866
      0 84.9854
      0 89.9858
      0 94.9846
      0 99.9836
      0 reverse
      0 100.0036
      0 95.0026
      0 89.9998
      0 84.9992
      0 79.9976
      0 74.9966
      0 69.9956
      0 64.9954
      0 59.9942
      0 54.9936
      0 49.9932
      0 44.9904
      0 39.9902
      0 34.9884
      0 29.9876
      0 24.9866
      0 19.9858
      0 14.9836
      0 9.9834
      0 4.9828
      0 -0.0178
      0 ==============================================
      0 8
      0 5
      0 10
      0 start
      0 0
      0 4.9908
      0 9.9958
      0 14.9924
      0 19.9972
      0 24.993
      0 29.9972
      0 34.994
      0 39.999
      0 44.9954
      0 49.9988
      0 54.996
      0 59.9974
      0 64.996
      0 69.9974
      0 74.995
      0 79.998
      0 84.9958
      0 89.997
      0 94.9948
      0 99.9976
      0 reverse
      0 100.0174
      0 95.0132
      0 90.0138
      0 85.0098
      0 80.0114
      0 75.0076
      0 70.0102
      0 65.0068
      0 60.0084
      0 55.005
      0 50.0078
      0 45.0032
      0 40.006
      0 35.0016
      0 30.0042
      0 25
      0 20.0026
      0 14.9986
      0 10.0006
      0 4.9974
      0 0.0002
      0 ==============================================
      0 8
      0 5
      0 10
      0 start
      0 0
      0 4.9876
      0 9.9928
      0 14.9896
      0 19.9924
      0 24.99
      0 29.9946
      0 34.9914
      0 39.9956
      0 44.9918
      0 49.9958
      0 54.9922
      0 59.9956
      0 64.992
      0 69.9938
      0 74.9924
      0 79.9946
      0 84.9938
      0 89.9936
      0 94.994
      0 99.9944
      0 reverse
      0 100.0158
      0 95.0168
      0 90.0128
      0 85.014
      0 80.01
      0 75.0112
      0 70.007
      0 65.0098
      0 60.0066
      0 55.0076
      0 50.0062
      0 45.0054
      0 40.0046
      0 35.0038
      0 30.0032
      0 25.0022
      0 20.0006
      0 14.9998
      0 9.9992
      0 4.9988
      0 -0.0012
      0 ==============================================
      0 9
      0 5
      0 10
      0 start
      0 0
      0 4.995
      0 9.9972
      0 14.9958
      0 19.9988
      0 24.9972
      0 29.9992
      0 34.9998
      0 40.0006
      0 45.0012
      0 50.002
      0 55.0022
      0 60.0022
      0 65.0034
      0 70.0032
      0 75.0038
      0 80.0052
      0 85.0058
      0 90.0062
      0 95.0064
      0 100.0056
      0 reverse
      0 100.0142
      0 95.0116
      0 90.014
      0 85.0094
      0 80.0118
      0 75.0078
      0 70.0094
      0 65.007
      0 60.0084
      0 55.0058
      0 50.0082
      0 45.0046
      0 40.0052
      0 35.0024
      0 30.0034
      0 25.0002
      0 20.0024
      0 14.9996
      0 10.0004
      0 4.998
      0 0
      0 ==============================================
      0 9
      0 5
      0 10
      0 start
      0 0
      0 4.9928
      0 9.9946
      0 14.9954
      0 19.9958
      0 24.9972
      0 29.9974
      0 34.9998
      0 40
      0 45.0006
      0 50.0006
      0 55.0012
      0 60.002
      0 65.0016
      0 70.0012
      0 75.0014
      0 80.0028
      0 85.0046
      0 90.0044
      0 95.0068
      0 100.0052
      0 reverse
      0 100.0144
      0 95.0122
      0 90.0126
      0 85.0108
      0 80.0106
      0 75.009
      0 70.0094
      0 65.0094
      0 60.0082
      0 55.0088
      0 50.0072
      0 45.0072
      0 40.0062
      0 35.005
      0 30.0036
      0 25.0032
      0 20.0024
      0 15.0006
      0 10.0008
      0 4.9986
      0 0
      0 ==============================================
      0 9
      0 5
      0 10
      0 start
      0 0
      0 4.9936
      0 9.9946
      0 14.9962
      0 19.997
      0 24.9972
      0 29.9976
      0 34.9982
      0 40.0004
      0 45.0006
      0 50.0016
      0 55.0022
      0 60.002
      0 65.0028
      0 70.0018
      0 75.0024
      0 80.0034
      0 85.0042
      0 90.0052
      0 95.006
      0 100.0064
      0 reverse
      0 100.0146
      0 95.0124
      0 90.0134
      0 85.0114
      0 80.0118
      0 75.0094
      0 70.0106
      0 65.0098
      0 60.0094
      0 55.0088
      0 50.0084
      0 45.0076
      0 40.0064
      0 35.0054
      0 30.0046
      0 25.0034
      0 20.004
      0 15.0026
      0 10.0012
      0 4.9998
      0 0
      0 ==============================================
      0 10
      0 5
      0 10
      0 start
      0 0
      0 4.9912
      0 9.996
      0 14.9952
      0 19.9994
      0 24.9992
      0 30.0012
      0 35.0006
      0 40.0046
      0 45.0056
      0 50.0058
      0 55.006
      0 60.0082
      0 65.0074
      0 70.007
      0 75.006
      0 80.008
      0 85.0064
      0 90.0066
      0 95.0032
      0 100.0056
      0 reverse
      0 100.0346
      0 95.0336
      0 90.033
      0 85.0312
      0 80.0292
      0 75.027
      0 70.0266
      0 65.0236
      0 60.0226
      0 55.0158
      0 50.017
      0 45.0128
      0 40.0134
      0 35.0088
      0 30.0096
      0 25.004
      0 20.0044
      0 14.9972
      0 9.9984
      0 4.9934
      0 -0.0074
      0 ==============================================
      0 10
      0 5
      0 10
      0 start
      0 0
      0 4.994
      0 9.996
      0 14.9972
      0 20.0008
      0 25.0022
      0 30.004
      0 35.0038
      0 40.0072
      0 45.0074
      0 50.0104
      0 55.0092
      0 60.0132
      0 65.0112
      0 70.0138
      0 75.011
      0 80.0138
      0 85.0134
      0 90.0136
      0 95.0114
      0 100.0128
      0 reverse
      0 100.0406
      0 95.0394
      0 90.0396
      0 85.0372
      0 80.0368
      0 75.033
      0 70.0344
      0 65.028
      0 60.0306
      0 55.0244
      0 50.0252
      0 45.0202
      0 40.0194
      0 35.0166
      0 30.014
      0 25.0118
      0 20.01
      0 15.0074
      0 10.0054
      0 5.0024
      0 0.0002
      0 ==============================================
      0 10
      0 5
      0 10
      0 start
      0 0
      0 4.995
      0 9.9966
      0 14.997
      0 20.001
      0 25.0016
      0 30.0042
      0 35.0044
      0 40.0058
      0 45.0068
      0 50.01
      0 55.0094
      0 60.0122
      0 65.0108
      0 70.0134
      0 75.012
      0 80.0146
      0 85.0134
      0 90.0146
      0 95.0122
      0 100.0138
      0 reverse
      0 100.0424
      0 95.039
      0 90.041
      0 85.0362
      0 80.0372
      0 75.0316
      0 70.0346
      0 65.0298
      0 60.0316
      0 55.0218
      0 50.027
      0 45.0202
      0 40.0222
      0 35.0168
      0 30.0174
      0 25.0118
      0 20.0096
      0 15.007
      0 10.0066
      0 5.003
      0 0.0014
      0 ==============================================
      0 11
      0 5
      0 10
      0 start
      0 0
      0 4.9926
      0 9.9956
      0 14.993
      0 19.997
      0 24.9938
      0 29.9994
      0 34.9962
      0 40.0012
      0 44.997
      0 50.0014
      0 54.9984
      0 60.0014
      0 64.9992
      0 70.0002
      0 74.9978
      0 80.001
      0 84.9992
      0 90.0008
      0 94.9984
      0 100.0014
      0 reverse
      0 100.0118
      0 95.009
      0 90.008
      0 85.0074
      0 80.0068
      0 75.0068
      0 70.006
      0 65.0054
      0 60.006
      0 55.0054
      0 50.0054
      0 45.0038
      0 40.0042
      0 35.0034
      0 30.0038
      0 25.0026
      0 20.0054
      0 15.0012
      0 10.005
      0 5.001
      0 0.0022
      0 ==============================================
      0 11
      0 5
      0 10
      0 start
      0 0
      0 4.992
      0 9.997
      0 14.9922
      0 19.9976
      0 24.995
      0 29.9986
      0 34.9952
      0 39.9982
      0 44.9958
      0 49.9994
      0 54.9974
      0 59.9994
      0 64.9958
      0 69.9994
      0 74.9954
      0 79.998
      0 84.9972
      0 89.9988
      0 94.998
      0 100.0008
      0 reverse
      0 100.0114
      0 95.01
      0 90.0068
      0 85.0076
      0 80.0062
      0 75.0062
      0 70.0054
      0 65.005
      0 60.005
      0 55.0048
      0 50.0042
      0 45.0008
      0 40.0032
      0 35.0012
      0 30.0046
      0 25.0006
      0 20.003
      0 14.999
      0 10.0016
      0 4.9996
      0 0.0012
      0 ==============================================
      0 11
      0 5
      0 10
      0 start
      0 0
      0 4.9916
      0 9.9952
      0 14.993
      0 19.996
      0 24.9938
      0 29.9966
      0 34.9948
      0 39.9984
      0 44.9952
      0 49.9998
      0 54.9962
      0 59.999
      0 64.9954
      0 69.9978
      0 74.9962
      0 79.9972
      0 84.997
      0 89.9976
      0 94.9972
      0 99.9992
      0 reverse
      0 100.0116
      0 95.011
      0 90.007
      0 85.0092
      0 80.0058
      0 75.0076
      0 70.005
      0 65.006
      0 60.0038
      0 55.0028
      0 50.0036
      0 45.0024
      0 40.005
      0 35.0014
      0 30.004
      0 24.9998
      0 20.0014
      0 14.999
      0 10.0008
      0 4.9996
      0 0.001
      0 ==============================================
      0 12
      0 5
      0 10
      0 start
      0 0
      0 4.994
      0 9.9972
      0 14.9952
      0 19.9966
      0 24.9962
      0 29.9962
      0 34.9968
      0 39.9972
      0 44.999
      0 50.0004
      0 55.0002
      0 60.001
      0 65.002
      0 70.004
      0 75.0044
      0 80.0044
      0 85.0052
      0 90.005
      0 95.0062
      0 100.004
      0 reverse
      0 100.0252
      0 95.026
      0 90.018
      0 85.0174
      0 80.0152
      0 75.0136
      0 70.0128
      0 65.011
      0 60.0102
      0 55.0078
      0 50.007
      0 45.0038
      0 40.0026
      0 35.0004
      0 30.001
      0 24.9992
      0 19.9992
      0 14.9982
      0 9.9974
      0 4.9966
      0 -0.0034
      0 ==============================================
      0 12
      0 5
      0 10
      0 start
      0 0
      0 4.9956
      0 9.9966
      0 14.9956
      0 19.9958
      0 24.9964
      0 29.9962
      0 34.9964
      0 39.9984
      0 44.999
      0 50.0002
      0 55.0006
      0 60.0016
      0 65.0034
      0 70.005
      0 75.0068
      0 80.006
      0 85.0082
      0 90.0078
      0 95.0096
      0 100.007
      0 reverse
      0 100.0268
      0 95.0282
      0 90.02
      0 85.022
      0 80.0158
      0 75.0188
      0 70.0144
      0 65.0152
      0 60.0116
      0 55.0116
      0 50.0104
      0 45.0082
      0 40.0068
      0 35.0044
      0 30.005
      0 25.0032
      0 20.0036
      0 15.001
      0 10.002
      0 5
      0 -0.0012
      0 ==============================================
      0 12
      0 5
      0 10
      0 start
      0 0
      0 4.9956
      0 9.9962
      0 14.9958
      0 19.9978
      0 24.9968
      0 29.997
      0 34.9974
      0 39.9976
      0 44.9992
      0 50.002
      0 55.0022
      0 60.0022
      0 65.0052
      0 70.0054
      0 75.0078
      0 80.0074
      0 85.0092
      0 90.0092
      0 95.01
      0 100.0096
      0 reverse
      0 100.0304
      0 95.0286
      0 90.026
      0 85.0224
      0 80.0198
      0 75.0184
      0 70.0172
      0 65.0166
      0 60.0144
      0 55.0122
      0 50.0104
      0 45.0084
      0 40.0052
      0 35.0062
      0 30.0042
      0 25.0042
      0 20.0032
      0 15.0018
      0 10.0028
      0 5.001
      0 0.0022
      0 ==============================================
      0 5
      0 5
      0 10
      0 start
      0 0
      0 4.985
      0 9.986
      0 14.986
      0 19.986
      0 24.9868
      0 29.9846
      0 34.9858
      0 39.9844
      0 44.986
      0 49.984
      0 54.9844
      0 59.9834
      0 64.9836
      0 69.9824
      0 74.9828
      0 79.9816
      0 84.9826
      0 89.9814
      0 94.9842
      0 99.9812
      0 reverse
      0 99.9942
      0 94.9978
      0 89.9924
      0 84.9938
      0 79.9908
      0 74.9936
      0 69.9924
      0 64.9948
      0 59.9934
      0 54.9996
      0 49.9984
      0 45.0016
      0 39.9996
      0 35.0018
      0 30.001
      0 25.0028
      0 20.0012
      0 15.003
      0 10.0036
      0 5.0058
      0 0.0074
      0 ==============================================
      0 5
      0 5
      0 10
      0 start
      0 0
      0 4.9846
      0 9.9852
      0 14.9862
      0 19.9872
      0 24.987
      0 29.987
      0 34.9872
      0 39.9864
      0 44.9882
      0 49.9862
      0 54.9874
      0 59.9852
      0 64.9866
      0 69.9846
      0 74.9862
      0 79.985
      0 84.986
      0 89.9848
      0 94.9864
      0 99.9852
      0 reverse
      0 99.9974
      0 94.9982
      0 89.9946
      0 84.996
      0 79.9936
      0 74.9948
      0 69.9934
      0 64.994
      0 59.9928
      0 54.9952
      0 49.994
      0 44.996
      0 39.9938
      0 34.9952
      0 29.9956
      0 24.996
      0 19.9952
      0 14.995
      0 9.9966
      0 4.9976
      0 0
      0 ==============================================
      0 5
      0 5
      0 10
      0 start
      0 0
      0 4.984
      0 9.9856
      0 14.9858
      0 19.986
      0 24.9874
      0 29.9866
      0 34.987
      0 39.9856
      0 44.987
      0 49.986
      0 54.9856
      0 59.9846
      0 64.9848
      0 69.9844
      0 74.9854
      0 79.9836
      0 84.9854
      0 89.9838
      0 94.9872
      0 99.984
      0 reverse
      0 99.9974
      0 94.9982
      0 89.9938
      0 84.9948
      0 79.9926
      0 74.9946
      0 69.9934
      0 64.995
      0 59.9928
      0 54.9954
      0 49.9948
      0 44.9966
      0 39.9936
      0 34.9962
      0 29.9944
      0 24.9954
      0 19.994
      0 14.9942
      0 9.9958
      0 4.9972
      0 -0.0004
      0 ==============================================
      0 6
      0 5
      0 10
      0 start
      0 0
      0 4.997
      0 10.0006
      0 14.999
      0 20.001
      0 25.0028
      0 30.0048
      0 35.0062
      0 40.0058
      0 45.0094
      0 50.0104
      0 55.011
      0 60.0112
      0 65.0132
      0 70.015
      0 75.0144
      0 80.0134
      0 85.0146
      0 90.0152
      0 95.0152
      0 100.0134
      0 reverse
      0 100.0302
      0 95.0304
      0 90.0274
      0 85.027
      0 80.0228
      0 75.0238
      0 70.0206
      0 65.0208
      0 60.0176
      0 55.0146
      0 50.0124
      0 45.011
      0 40.0072
      0 35.006
      0 30.0038
      0 25.002
      0 19.9984
      0 14.9966
      0 9.997
      0 4.9944
      0 -0.005
      0 ==============================================
      0 6
      0 5
      0 10
      0 start
      0 0
      0 4.9952
      0 9.9966
      0 14.997
      0 20
      0 25.0014
      0 30.0024
      0 35.004
      0 40.0054
      0 45.0086
      0 50.0084
      0 55.0086
      0 60.0102
      0 65.0136
      0 70.012
      0 75.0144
      0 80.0126
      0 85.0144
      0 90.0146
      0 95.0138
      0 100.0164
      0 reverse
      0 100.0334
      0 95.0332
      0 90.0296
      0 85.03
      0 80.0252
      0 75.0252
      0 70.023
      0 65.0232
      0 60.0198
      0 55.0176
      0 50.0144
      0 45.0138
      0 40.0106
      0 35.009
      0 30.007
      0 25.0062
      0 20.003
      0 15.0004
      0 9.9986
      0 4.999
      0 -0.0032
      0 ==============================================
      0 6
      0 5
      0 10
      0 start
      0 0
      0 4.9966
      0 9.9974
      0 14.9972
      0 20.0004
      0 25.0032
      0 30.0028
      0 35.0048
      0 40.0078
      0 45.0094
      0 50.0088
      0 55.01
      0 60.0124
      0 65.0142
      0 70.0136
      0 75.0144
      0 80.0148
      0 85.0162
      0 90.0154
      0 95.0152
      0 100.0164
      0 reverse
      0 100.0384
      0 95.0344
      0 90.0316
      0 85.0312
      0 80.028
      0 75.0292
      0 70.0238
      0 65.0244
      0 60.023
      0 55.0188
      0 50.0172
      0 45.0162
      0 40.0126
      0 35.0112
      0 30.0092
      0 25.007
      0 20.0036
      0 15.0034
      0 10.0028
      0 5.0008
      0 -0.001
