==============================================
1
5
10
start
0
4.9988
9.9984
14.9982
19.9976
25.0022
30.0004
35.0036
39.9992
45.0044
50.0024
55.0022
60.0008
65.0048
70.0012
75.0056
80.002
85.0042
90.002
95.0024
100.0026
reverse
100.0168
95.0118
90.0146
85.0106
80.0102
75.0128
70.013
65.01
60.0064
55.0064
50.0116
45.0096
40.005
35.0094
30.0042
25.0056
20.0054
15.0074
10.003
5.0076
0.0034
==============================================
1
5
10
start
0
4.9984
9.9954
14.9978
19.9938
24.9964
29.9952
34.9982
39.9942
44.9996
49.999
54.9966
59.998
64.998
69.9958
74.999
79.9968
84.9966
89.9972
95
100.0006
reverse
100.013
95.0102
90.009
85.0064
80.0092
75.0078
70.0074
65.0036
60.0132
55.0076
50.0062
45.0074
40.0018
35.0082
30.0034
25.0054
20.0006
15.001
10.0008
5.0036
0.0022
==============================================
1
5
10
start
0
4.9966
9.9934
14.9972
19.9938
24.9986
29.9964
34.998
39.9944
44.9986
49.996
54.999
59.996
64.999
69.9952
74.9982
79.9962
84.9978
89.9972
94.9996
100.0002
reverse
100.017
95.0094
90.0078
85.0048
80.0122
75.0066
70.005
65.0024
60.0118
55.0062
50.0032
45.0072
40.0022
35.0058
30.0084
25.006
19.9998
15.0008
10.0014
5.0034
0.0004
==============================================
2
5
10
start
0
4.9944
9.9988
14.9964
19.9996
24.9984
30.0028
35.001
40.0038
45.0024
50.0056
55.0048
60.0054
65.0038
70.0066
75.0048
80.0048
85.0048
90.0064
95.0046
100.0044
reverse
100.016
95.0104
90.0116
85.0086
80.01
75.0068
70.0106
65.0062
60.0086
55.0052
50.0066
45.0036
40.0042
35.0002
30.0006
24.9974
19.9982
14.9926
9.9946
4.9896
-0.0072
==============================================
2
5
10
start
0
4.9924
9.9958
14.9948
19.9998
24.9986
30.0018
35.0012
40.003
45.003
50.0058
55.005
60.0084
65.0052
70.01
75.0072
80.0078
85.0078
90.0092
95.0094
100.009
reverse
100.018
95.0152
90.0162
85.0132
80.014
75.0116
70.0152
65.0108
60.014
55.0094
50.0122
45.0072
40.0084
35.003
30.0066
25.0006
20.0028
14.997
9.998
4.9944
-0.0038
==============================================
2
5
10
start
0
4.992
9.9978
14.9962
20.0006
25.0008
30.0024
35.0026
40.0046
45.0048
50.0074
55.0062
60.0104
65.0066
70.0102
75.0092
80.0096
85.0112
90.0114
95.0116
100.0116
reverse
100.0212
95.0184
90.0192
85.0168
80.0164
75.015
70.0168
65.0134
60.0162
55.013
50.0144
45.01
40.0108
35.0056
30.0088
25.0036
20.0048
15
10.0004
4.9984
-0.0012
==============================================
3
5
10
start
0
4.9924
9.9944
14.9932
19.9944
24.995
29.9958
34.9962
39.996
44.998
49.9992
54.9976
59.9972
64.9972
69.9962
74.9958
79.9972
84.9962
89.998
94.9964
99.9978
reverse
100.0046
95.002
90.0048
85.002
80.0024
75.001
70.0042
65.0024
60.0034
55.0044
50.0042
45.0034
40.0034
35.0018
30.0018
25.0012
20.0006
15.0002
10.0014
4.9984
-0.0004
==============================================
3
5
10
start
0
4.9924
9.9952
14.9936
19.9952
24.996
29.9956
34.997
39.9962
44.998
50
54.9988
59.9992
64.9974
69.9982
74.9968
79.9976
84.9974
89.9982
94.999
99.9994
reverse
100.0058
95.0052
90.0064
85.0038
80.004
75.0032
70.0044
65.0044
60.0046
55.0042
50.005
45.003
40.0034
35.003
30.0028
25.0024
20.0024
15
10.0014
4.9996
0.0004
==============================================
3
5
10
start
0
4.9934
9.9964
14.9948
19.9958
24.9964
29.9956
34.9962
39.9972
44.9982
49.9992
54.9982
59.999
64.9986
69.9982
74.998
79.9994
84.9996
89.9992
94.9998
100.0012
reverse
100.007
95.006
90.0054
85.005
80.0044
75.0038
70.0056
65.0046
60.0046
55.0052
50.0054
45.0052
40.0058
35.0038
30.0032
25.0028
20.002
15.002
10.002
5.0002
0.0002
==============================================
4
5
10
start
0
4.9964
9.994
14.9976
19.9976
25.0014
29.9984
34.9994
40
45.001
49.999
55.0038
60.006
65.0006
70.0006
74.997
79.999
84.9968
89.9966
94.9946
99.992
reverse
100.0276
95.0298
90.02
85.0282
80.0176
75.0222
70.0142
65.018
60.008
55.0112
50.004
45.004
39.996
34.9976
29.988
24.9904
19.9836
14.9814
9.9762
4.9724
-0.034
==============================================
4
5
10
start
0
4.9954
9.9996
15.0024
20.0054
25.0058
30.0096
35.0132
40.0138
45.0148
50.0178
55.018
60.0202
65.0196
70.0186
75.0186
80.017
85.0172
90.0136
95.0122
100.0126
reverse
100.045
95.0476
90.0378
85.0454
80.0352
75.0424
70.031
65.0396
60.0274
55.0332
50.0254
45.029
40.0196
35.0208
30.0138
25.0136
20.0062
15.007
9.9996
4.997
-0.0064
==============================================
4
5
10
start
0
4.9964
9.999
15.0004
20.0054
25.0054
30.0088
35.0118
40.012
45.0144
50.0152
55.019
60.019
65.0194
70.0196
75.0182
80.0188
85.0192
90.0174
95.0176
100.0138
reverse
100.0442
95.052
90.0416
85.0494
80.04
75.0466
70.0386
65.0432
60.034
55.0342
50.0298
45.0318
40.0206
35.0232
30.0166
25.0182
20.0114
15.009
10.0036
5.0016
-0.0052
==============================================
5
5
10
start
0
4.985
9.986
14.986
19.986
24.9868
29.9846
34.9858
39.9844
44.986
49.984
54.9844
59.9834
64.9836
69.9824
74.9828
79.9816
84.9826
89.9814
94.9842
99.9812
reverse
99.9942
94.9978
89.9924
84.9938
79.9908
74.9936
69.9924
64.9948
59.9934
54.9996
49.9984
45.0016
39.9996
35.0018
30.001
25.0028
20.0012
15.003
10.0036
5.0058
0.0074
==============================================
5
5
10
start
0
4.9846
9.9852
14.9862
19.9872
24.987
29.987
34.9872
39.9864
44.9882
49.9862
54.9874
59.9852
64.9866
69.9846
74.9862
79.985
84.986
89.9848
94.9864
99.9852
reverse
99.9974
94.9982
89.9946
84.996
79.9936
74.9948
69.9934
64.994
59.9928
54.9952
49.994
44.996
39.9938
34.9952
29.9956
24.996
19.9952
14.995
9.9966
4.9976
0
==============================================
5
5
10
start
0
4.984
9.9856
14.9858
19.986
24.9874
29.9866
34.987
39.9856
44.987
49.986
54.9856
59.9846
64.9848
69.9844
74.9854
79.9836
84.9854
89.9838
94.9872
99.984
reverse
99.9974
94.9982
89.9938
84.9948
79.9926
74.9946
69.9934
64.995
59.9928
54.9954
49.9948
44.9966
39.9936
34.9962
29.9944
24.9954
19.994
14.9942
9.9958
4.9972
-0.0004
==============================================
6
5
10
start
0
4.997
10.0006
14.999
20.001
25.0028
30.0048
35.0062
40.0058
45.0094
50.0104
55.011
60.0112
65.0132
70.015
75.0144
80.0134
85.0146
90.0152
95.0152
100.0134
reverse
100.0302
95.0304
90.0274
85.027
80.0228
75.0238
70.0206
65.0208
60.0176
55.0146
50.0124
45.011
40.0072
35.006
30.0038
25.002
19.9984
14.9966
9.997
4.9944
-0.005
==============================================
6
5
10
start
0
4.9952
9.9966
14.997
20
25.0014
30.0024
35.004
40.0054
45.0086
50.0084
55.0086
60.0102
65.0136
70.012
75.0144
80.0126
85.0144
90.0146
95.0138
100.0164
reverse
100.0334
95.0332
90.0296
85.03
80.0252
75.0252
70.023
65.0232
60.0198
55.0176
50.0144
45.0138
40.0106
35.009
30.007
25.0062
20.003
15.0004
9.9986
4.999
-0.0032
==============================================
6
5
10
start
0
4.9966
9.9974
14.9972
20.0004
25.0032
30.0028
35.0048
40.0078
45.0094
50.0088
55.01
60.0124
65.0142
70.0136
75.0144
80.0148
85.0162
90.0154
95.0152
100.0164
reverse
100.0384
95.0344
90.0316
85.0312
80.028
75.0292
70.0238
65.0244
60.023
55.0188
50.0172
45.0162
40.0126
35.0112
30.0092
25.007
20.0036
15.0034
10.0028
5.0008
-0.001
==============================================
7
5
10
start
0
4.9904
9.9924
14.9924
19.992
24.9936
29.992
34.9922
39.9922
44.9922
49.992
54.9908
59.9912
64.989
69.9914
74.9894
79.9904
84.9896
89.9914
94.9904
99.987
reverse
100
94.9952
90.0008
84.9968
80.0008
74.9978
69.9972
64.9992
59.995
54.9962
49.9972
44.9972
39.9974
34.9976
29.9964
24.9946
19.9946
14.9928
9.995
4.9934
-0.0078
==============================================
7
5
10
start
0
4.9942
9.9952
14.9926
19.994
24.995
29.996
34.9946
39.9962
44.9964
49.9972
54.996
59.9966
64.9948
69.9954
74.9956
79.9984
84.9948
89.998
94.997
99.9988
reverse
100.008
95.0058
90.006
85.0006
80.0062
75.0014
70.0054
65.004
60.0026
55.0036
50.0038
44.9998
40.0048
35.0018
30.0032
25.0022
20.0014
14.9968
10.001
4.9996
-0.0008
==============================================
7
5
10
start
0
4.9942
9.9944
14.9926
19.995
24.9968
29.9964
34.9962
39.9954
44.9972
49.997
54.9956
59.9962
64.9944
69.9982
74.995
79.9984
84.9946
89.9978
94.9968
100.0008
reverse
100.0074
95.0026
90.0068
85.0036
80.007
75.0016
70.006
65.0048
60.0032
55.0038
50.0034
45.0006
40.006
34.9998
30.0034
25.0024
20.0022
14.9986
10.0038
5.0002
0.001
==============================================
8
5
10
start
0
4.9878
9.9928
14.9908
19.9928
24.9894
29.9942
34.9874
39.9914
44.9872
49.9918
54.9876
59.9896
64.987
69.9872
74.9862
79.9866
84.9854
89.9858
94.9846
99.9836
reverse
100.0036
95.0026
89.9998
84.9992
79.9976
74.9966
69.9956
64.9954
59.9942
54.9936
49.9932
44.9904
39.9902
34.9884
29.9876
24.9866
19.9858
14.9836
9.9834
4.9828
-0.0178
==============================================
8
5
10
start
0
4.9908
9.9958
14.9924
19.9972
24.993
29.9972
34.994
39.999
44.9954
49.9988
54.996
59.9974
64.996
69.9974
74.995
79.998
84.9958
89.997
94.9948
99.9976
reverse
100.0174
95.0132
90.0138
85.0098
80.0114
75.0076
70.0102
65.0068
60.0084
55.005
50.0078
45.0032
40.006
35.0016
30.0042
25
20.0026
14.9986
10.0006
4.9974
0.0002
==============================================
8
5
10
start
0
4.9876
9.9928
14.9896
19.9924
24.99
29.9946
34.9914
39.9956
44.9918
49.9958
54.9922
59.9956
64.992
69.9938
74.9924
79.9946
84.9938
89.9936
94.994
99.9944
reverse
100.0158
95.0168
90.0128
85.014
80.01
75.0112
70.007
65.0098
60.0066
55.0076
50.0062
45.0054
40.0046
35.0038
30.0032
25.0022
20.0006
14.9998
9.9992
4.9988
-0.0012
==============================================
9
5
10
start
0
4.995
9.9972
14.9958
19.9988
24.9972
29.9992
34.9998
40.0006
45.0012
50.002
55.0022
60.0022
65.0034
70.0032
75.0038
80.0052
85.0058
90.0062
95.0064
100.0056
reverse
100.0142
95.0116
90.014
85.0094
80.0118
75.0078
70.0094
65.007
60.0084
55.0058
50.0082
45.0046
40.0052
35.0024
30.0034
25.0002
20.0024
14.9996
10.0004
4.998
0
==============================================
9
5
10
start
0
4.9928
9.9946
14.9954
19.9958
24.9972
29.9974
34.9998
40
45.0006
50.0006
55.0012
60.002
65.0016
70.0012
75.0014
80.0028
85.0046
90.0044
95.0068
100.0052
reverse
100.0144
95.0122
90.0126
85.0108
80.0106
75.009
70.0094
65.0094
60.0082
55.0088
50.0072
45.0072
40.0062
35.005
30.0036
25.0032
20.0024
15.0006
10.0008
4.9986
0
==============================================
9
5
10
start
0
4.9936
9.9946
14.9962
19.997
24.9972
29.9976
34.9982
40.0004
45.0006
50.0016
55.0022
60.002
65.0028
70.0018
75.0024
80.0034
85.0042
90.0052
95.006
100.0064
reverse
100.0146
95.0124
90.0134
85.0114
80.0118
75.0094
70.0106
65.0098
60.0094
55.0088
50.0084
45.0076
40.0064
35.0054
30.0046
25.0034
20.004
15.0026
10.0012
4.9998
0
==============================================
10
5
10
start
0
4.9912
9.996
14.9952
19.9994
24.9992
30.0012
35.0006
40.0046
45.0056
50.0058
55.006
60.0082
65.0074
70.007
75.006
80.008
85.0064
90.0066
95.0032
100.0056
reverse
100.0346
95.0336
90.033
85.0312
80.0292
75.027
70.0266
65.0236
60.0226
55.0158
50.017
45.0128
40.0134
35.0088
30.0096
25.004
20.0044
14.9972
9.9984
4.9934
-0.0074
==============================================
10
5
10
start
0
4.994
9.996
14.9972
20.0008
25.0022
30.004
35.0038
40.0072
45.0074
50.0104
55.0092
60.0132
65.0112
70.0138
75.011
80.0138
85.0134
90.0136
95.0114
100.0128
reverse
100.0406
95.0394
90.0396
85.0372
80.0368
75.033
70.0344
65.028
60.0306
55.0244
50.0252
45.0202
40.0194
35.0166
30.014
25.0118
20.01
15.0074
10.0054
5.0024
0.0002
==============================================
10
5
10
start
0
4.995
9.9966
14.997
20.001
25.0016
30.0042
35.0044
40.0058
45.0068
50.01
55.0094
60.0122
65.0108
70.0134
75.012
80.0146
85.0134
90.0146
95.0122
100.0138
reverse
100.0424
95.039
90.041
85.0362
80.0372
75.0316
70.0346
65.0298
60.0316
55.0218
50.027
45.0202
40.0222
35.0168
30.0174
25.0118
20.0096
15.007
10.0066
5.003
0.0014
==============================================
11
5
10
start
0
4.9926
9.9956
14.993
19.997
24.9938
29.9994
34.9962
40.0012
44.997
50.0014
54.9984
60.0014
64.9992
70.0002
74.9978
80.001
84.9992
90.0008
94.9984
100.0014
reverse
100.0118
95.009
90.008
85.0074
80.0068
75.0068
70.006
65.0054
60.006
55.0054
50.0054
45.0038
40.0042
35.0034
30.0038
25.0026
20.0054
15.0012
10.005
5.001
0.0022
==============================================
11
5
10
start
0
4.992
9.997
14.9922
19.9976
24.995
29.9986
34.9952
39.9982
44.9958
49.9994
54.9974
59.9994
64.9958
69.9994
74.9954
79.998
84.9972
89.9988
94.998
100.0008
reverse
100.0114
95.01
90.0068
85.0076
80.0062
75.0062
70.0054
65.005
60.005
55.0048
50.0042
45.0008
40.0032
35.0012
30.0046
25.0006
20.003
14.999
10.0016
4.9996
0.0012
==============================================
11
5
10
start
0
4.9916
9.9952
14.993
19.996
24.9938
29.9966
34.9948
39.9984
44.9952
49.9998
54.9962
59.999
64.9954
69.9978
74.9962
79.9972
84.997
89.9976
94.9972
99.9992
reverse
100.0116
95.011
90.007
85.0092
80.0058
75.0076
70.005
65.006
60.0038
55.0028
50.0036
45.0024
40.005
35.0014
30.004
24.9998
20.0014
14.999
10.0008
4.9996
0.001
==============================================
12
5
10
start
0
4.994
9.9972
14.9952
19.9966
24.9962
29.9962
34.9968
39.9972
44.999
50.0004
55.0002
60.001
65.002
70.004
75.0044
80.0044
85.0052
90.005
95.0062
100.004
reverse
100.0252
95.026
90.018
85.0174
80.0152
75.0136
70.0128
65.011
60.0102
55.0078
50.007
45.0038
40.0026
35.0004
30.001
24.9992
19.9992
14.9982
9.9974
4.9966
-0.0034
==============================================
12
5
10
start
0
4.9956
9.9966
14.9956
19.9958
24.9964
29.9962
34.9964
39.9984
44.999
50.0002
55.0006
60.0016
65.0034
70.005
75.0068
80.006
85.0082
90.0078
95.0096
100.007
reverse
100.0268
95.0282
90.02
85.022
80.0158
75.0188
70.0144
65.0152
60.0116
55.0116
50.0104
45.0082
40.0068
35.0044
30.005
25.0032
20.0036
15.001
10.002
5
-0.0012
==============================================
12
5
10
start
0
4.9956
9.9962
14.9958
19.9978
24.9968
29.997
34.9974
39.9976
44.9992
50.002
55.0022
60.0022
65.0052
70.0054
75.0078
80.0074
85.0092
90.0092
95.01
100.0096
reverse
100.0304
95.0286
90.026
85.0224
80.0198
75.0184
70.0172
65.0166
60.0144
55.0122
50.0104
45.0084
40.0052
35.0062
30.0042
25.0042
20.0032
15.0018
10.0028
5.001
0.0022
